63.74, 23.129, 97.03
63.256, 25.069, 97.03
62.756, 27.006, 96.485
62.209, 28.929, 96.485
61.622, 30.841, 95.853
61.005, 32.743, 95.853
60.313, 34.62, 95.13
59.58, 36.48, 94.318
58.798, 38.321, 93.428
57.928, 40.122, 93.428
56.992, 41.888, 92.485
55.984, 43.615, 91.532
54.897, 45.293, 90.625
53.717, 46.908, 90.625
52.433, 48.441, 89.838
51.057, 49.891, 89.245
49.589, 51.247, 88.91
48.031, 52.499, 88.873
46.39, 53.639, 89.138
44.673, 54.663, 89.673
42.891, 55.569, 90.418
41.055, 56.36, 91.302
39.175, 57.042, 92.253
37.259, 57.615, 92.253
35.315, 58.085, 93.211
33.353, 58.471, 94.131
31.379, 58.784, 94.985
29.394, 59.032, 95.758
27.403, 59.219, 95.758
25.407, 59.338, 96.444
23.409, 59.417, 97.044
21.409, 59.462, 97.565
19.409, 59.458, 97.565
17.41, 59.425, 98.014
15.41, 59.371, 98.398
13.412, 59.281, 98.398
11.415, 59.175, 98.727
9.419, 59.052, 98.727
7.424, 58.906, 99.008
5.43, 58.753, 99.246
3.438, 58.581, 99.246
1.446, 58.403, 99.45
-0.545, 58.213, 99.45
-2.536, 58.018, 99.623
-4.525, 57.814, 99.623
-6.515, 57.607, 99.77
-8.503, 57.394, 99.77
-10.492, 57.179, 99.895
-12.48, 56.96, 99.895
-14.468, 56.741, 99.998
-16.455, 56.519, 99.998
-18.443, 56.298, 99.908
-20.431, 56.077, 99.908
-22.419, 55.856, 99.832
-24.407, 55.638, 99.832
-26.395, 55.419, 99.832
-28.383, 55.204, 99.767
-30.372, 54.991, 99.767
-32.36, 54.78, 98.737
-34.35, 54.574, 96.13
-36.339, 54.367, 93.451
-38.199, 53.998, 90.838
-38.859, 52.111, 91.94
-39.418, 50.191, 92.946
-39.888, 48.248, 93.853
-40.278, 46.286, 94.661
-40.6, 44.312, 95.375
-40.862, 42.33, 96.004
-41.073, 40.341, 96.554
-41.239, 38.348, 97.036
-41.367, 36.352, 97.457
-41.462, 34.354, 97.824
-41.529, 32.355, 98.145
-41.571, 30.356, 98.426
-41.593, 28.356, 98.671
-41.596, 26.356, 98.887
-41.583, 24.356, 98.887
-41.552, 22.356, 99.076
-41.511, 20.357, 99.243
-41.46, 18.357, 99.389
-41.401, 16.358, 99.389
-41.331, 14.36, 99.519
-41.256, 12.361, 99.634
-41.176, 10.363, 99.736
-41.091, 8.364, 99.736
-41.002, 6.366, 99.826
-40.911, 4.368, 99.906
-40.817, 2.371, 99.906
-40.722, 0.373, 99.978
-40.626, -1.625, 99.958
-40.53, -3.622, 99.958
-40.434, -5.62, 99.901
-40.339, -7.618, 99.901
-40.245, -9.616, 99.85
-40.152, -11.614, 99.804
-40.062, -13.611, 99.804
-39.973, -15.61, 99.763
-39.887, -17.608, 99.763
-39.805, -19.606, 99.727
-39.724, -21.604, 99.727
-39.649, -23.603, 99.694
-39.575, -25.602, 99.694
-39.507, -27.6, 99.664
-39.441, -29.599, 99.638
-39.382, -31.598, 99.638
-39.324, -33.598, 97.617
-39.274, -35.597, 94.98
-39.226, -37.596, 92.267
-39.186, -39.596, 89.472
-39.148, -41.596, 86.586
-39.118, -43.595, 83.601
-39.09, -45.595, 80.506
-39.071, -47.595, 77.286
-39.053, -49.595, 73.927
-39.046, -51.595, 70.407
-39.039, -53.595, 71.929
-39.044, -55.595, 73.451
-39.049, -57.595, 74.973
-38.952, -59.493, 76.495
-36.957, -59.631, 78.018
-34.961, -59.769, 79.54
-32.966, -59.897, 81.062
-30.969, -60.019, 82.584
-28.973, -60.136, 84.106
-26.975, -60.24, 85.628
-24.978, -60.344, 87.15
-22.98, -60.43, 88.672
-20.982, -60.515, 90.194
-18.983, -60.586, 91.716
-16.984, -60.649, 93.238
-14.985, -60.703, 94.76
-12.985, -60.744, 96.282
-10.986, -60.777, 97.804
-8.986, -60.794, 97.804
-6.986, -60.805, 97.804
-4.986, -60.794, 97.804
-2.986, -60.779, 97.804
-0.986, -60.74, 97.804
1.013, -60.696, 97.804
3.012, -60.625, 97.804
5.01, -60.546, 97.804
7.008, -60.442, 97.804
9.004, -60.324, 97.804
10.999, -60.183, 97.804
12.992, -60.019, 97.804
14.984, -59.839, 97.804
16.972, -59.623, 97.792
18.959, -59.393, 97.521
20.941, -59.123, 97.521
22.919, -58.829, 97.215
24.893, -58.509, 97.215
26.859, -58.14, 96.869
28.819, -57.744, 96.48
30.771, -57.31, 96.48
32.711, -56.821, 96.043
34.64, -56.294, 95.556
36.557, -55.725, 95.016
38.452, -55.086, 95.016
40.327, -54.392, 94.425
42.18, -53.64, 93.785
44.006, -52.825, 93.107
45.797, -51.936, 93.107
47.543, -50.959, 90.368
49.241, -49.903, 87.513
50.884, -48.764, 84.562
52.462, -47.538, 81.504
53.966, -46.222, 78.328
55.386, -44.814, 75.017
56.711, -43.317, 71.552
57.932, -41.735, 67.911
59.043, -40.072, 64.064
60.036, -38.337, 59.969
60.911, -36.539, 55.573
61.662, -34.685, 50.797
62.287, -32.785, 45.523
62.799, -30.852, 39.554
63.201, -28.894, 32.507
63.503, -26.918, 23.429
63.74, -24.77, 0
63.74, -24.77, 0
65.928, -4.89, 0
endData
127
100
200
63.74, 23.129, 52.87, 69.558, 27.092, 60.709, -38.13, 54.187
-38.13, 54.187, -45.609, 35.241, -38.595, -2.649, -39.061, -59.485
-39.061, -59.485, 25.539, -64.213, 61.255, -57.07, 63.74, -24.77
#PATH.JERRYIO-DATA {"appVersion":"0.10.0","format":"LemLib v0.5","gc":{"robotWidth":12,"robotHeight":12,"robotIsHolonomic":false,"showRobot":true,"uol":2.54,"pointDensity":2,"controlMagnetDistance":1.968503937007874,"fieldImage":{"displayName":"V5RC 2026 - Push Back","signature":"V5RC-PushBack-H2H-TopDownHighlighted-TileColor66_71","origin":{"__type":"built-in"}},"coordinateSystem":"VEX Gaming Positioning System"},"paths":[{"segments":[{"controls":[{"uid":"Lc3ZPH5YhA","x":63.74041294027867,"y":23.128792844768288,"lock":false,"visible":true,"heading":270,"__type":"end-point"},{"uid":"cTwWajGNqj","x":52.869628714504394,"y":69.55836762040344,"lock":false,"visible":true,"__type":"control"},{"uid":"qeMqNyu6hp","x":27.092064951408183,"y":60.70887849437277,"lock":false,"visible":true,"__type":"control"},{"uid":"vyAHitbcEr","x":-38.12957129997146,"y":54.18671486923478,"lock":false,"visible":true,"heading":0,"__type":"end-point"}],"speedProfiles":[],"lookaheadKeyframes":[],"uid":"hM9UDjwFOC"},{"controls":[{"uid":"vyAHitbcEr","x":-38.12957129997146,"y":54.18671486923478,"lock":false,"visible":true,"heading":0,"__type":"end-point"},{"uid":"McicOaMQpU","x":-45.60912127717641,"y":35.24138243431022,"lock":false,"visible":true,"__type":"control"},{"uid":"yHk3jOTdwC","x":-38.59544013033846,"y":-2.6492824355389217,"lock":false,"visible":true,"__type":"control"},{"uid":"f5bHN9PvZK","x":-39.06130896070545,"y":-59.48527974031262,"lock":false,"visible":true,"heading":0,"__type":"end-point"}],"speedProfiles":[{"uid":"M6hi89NSKx","xPos":0.8275862068965517,"yPos":1,"followBentRate":true},{"uid":"ANCziSldGB","xPos":0.9137931034482759,"yPos":0.6300901183617532,"followBentRate":true}],"lookaheadKeyframes":[],"uid":"CvFD2U57Mh"},{"controls":[{"uid":"f5bHN9PvZK","x":-39.06130896070545,"y":-59.48527974031262,"lock":false,"visible":true,"heading":0,"__type":"end-point"},{"uid":"P7DK4MhXNK","x":25.538657332973887,"y":-64.21335103142361,"lock":false,"visible":true,"__type":"control"},{"uid":"2AoZCM5Rol","x":61.255267661110345,"y":-57.07002896579631,"lock":false,"visible":true,"__type":"control"},{"uid":"jAUvxfblrJ","x":63.73990142306767,"y":-24.76979006035115,"lock":false,"visible":true,"heading":270,"__type":"end-point"}],"speedProfiles":[{"uid":"J2KrL8Vj6L","xPos":0.21666666666666667,"yPos":0.9725558717864108,"followBentRate":true}],"lookaheadKeyframes":[],"uid":"SdJp5ALugQ"}],"pc":{"speedLimit":{"minLimit":{"value":0,"label":"0"},"maxLimit":{"value":127,"label":"127"},"step":1,"from":20,"to":100},"bentRateApplicableRange":{"minLimit":{"value":0,"label":"0"},"maxLimit":{"value":1,"label":"1"},"step":0.001,"from":0,"to":0.1},"maxDecelerationRate":127},"name":"Path","uid":"JzUtE79Mac","lock":false,"visible":true}]}